alpha_pop <- 0.000223853449031671
circ0_pop <- 4.74278208265512
CL_pop <- 19.3663159255587
etaStd <- 
structure(c(0, 0, 0, 0, 0, 0, 0, 0, 0, 0, 0, 0, 0, 0, 0, 0, 0, 0, 0, 0),
.Dim = c(4, 5))
gamma_pop <- 0.228010814802148
ka_pop <- 1.17857410082805
L <- 
structure(c(1, 0, 0, 0, 0, 1, 0, 0, 0, 0, 1, 0, 0, 0, 0, 1),
.Dim = c(4, 4))
mtt_pop <- 168.925464997872
omega <- 
c(0.108130639699526, 0.0681215860245976, 0.0571593481235776, 0.0230157465139944)
Q_pop <- 41.9695576430994
sigma <- 0.2
sigmaNeut <- 0.2
VC_pop <- 57.7007640264223
VP_pop <- 345.417183008156
