addl <- 
c(0, 14, 0, 0, 0, 0, 0, 0, 0, 0, 0, 0, 0, 0, 0, 0, 0, 0, 0, 0, 0, 0, 0, 0, 0, 0,
0, 0, 0, 0, 0, 0, 0, 0, 0, 0, 0, 0, 0, 0, 0, 0, 0, 0, 0, 0, 0, 0, 0, 0, 0, 0, 0, 0, 0, 0,
0, 0, 0, 0, 0, 0, 0, 0, 0, 0, 14, 0, 0, 0, 0, 0, 0, 0, 0, 0, 0, 0, 0, 0, 0, 0, 0, 0, 0, 0,
0, 0, 0, 0, 0, 0, 0, 0, 0, 0, 0, 0, 0, 0, 0, 0, 0, 0, 0, 0, 0, 0, 0, 0, 0, 0, 0, 0, 0, 0,
0, 0, 0, 0, 0, 0, 0, 0, 0, 0, 0, 0, 0, 0)
alphaPrior <- 0.01
alphaPriorCV <- 0.01
amt <- 
c(0, 80000, 0, 0, 0, 0, 0, 0, 0, 0, 0, 0, 0, 0, 0, 0, 0, 0, 0, 0, 0, 0, 0, 0, 0,
0, 0, 0, 0, 0, 0, 0, 0, 0, 0, 0, 0, 0, 0, 0, 0, 0, 0, 0, 0, 0, 0, 0, 0, 0, 0, 0, 0, 0, 0,
0, 0, 0, 0, 0, 0, 0, 0, 0, 0, 0, 80000, 0, 0, 0, 0, 0, 0, 0, 0, 0, 0, 0, 0, 0, 0, 0, 0, 0,
0, 0, 0, 0, 0, 0, 0, 0, 0, 0, 0, 0, 0, 0, 0, 0, 0, 0, 0, 0, 0, 0, 0, 0, 0, 0, 0, 0, 0, 0,
0, 0, 0, 0, 0, 0, 0, 0, 0, 0, 0, 0, 0, 0, 0, 0)
circ0Prior <- 5
circ0PriorCV <- 0.2
cmt <- 
c(2, 1, 2, 2, 2, 2, 2, 2, 2, 2, 2, 2, 2, 2, 2, 2, 2, 2, 2, 2, 2, 2, 2, 2, 2, 2, 2,
2, 2, 2, 2, 2, 2, 2, 2, 2, 2, 2, 2, 2, 2, 2, 2, 2, 2, 2, 2, 2, 2, 2, 2, 2, 2, 2, 2, 2, 2,
2, 2, 2, 2, 2, 2, 2, 2, 2, 1, 2, 2, 2, 2, 2, 2, 2, 2, 2, 2, 2, 2, 2, 2, 2, 2, 2, 2, 2, 2,
2, 2, 2, 2, 2, 2, 2, 2, 2, 2, 2, 2, 2, 2, 2, 2, 2, 2, 2, 2, 2, 2, 2, 2, 2, 2, 2, 2, 2, 2,
2, 2, 2, 2, 2, 2, 2, 2, 2, 2, 2, 2, 2)
cObs <- 
c(293.999593506727, 403.39463032458, 691.817194125368, 918.856591876478,
1071.66106739982, 1024.59171979972, 1107.573198796, 723.181343259724, 555.648414983668,
412.996006279255, 293.991029839415, 165.164624022058, 179.202661116773, 418.417493583502,
614.564217665879, 776.569914419328, 1084.5620570006, 1154.98489500376, 1082.32628896392,
1146.70467974968, 893.413575078641, 696.088779046459, 495.652112050388, 367.405043108552,
311.028536046363, 296.696796586487, 295.512585722829, 326.583762254094, 322.722739957197,
327.922854955871, 381.680721071111, 428.754207403313, 316.359068977018, 292.070281195411,
360.195826546329, 382.662932190427, 436.42189372754, 339.692521149304, 658.9296461986,
770.646629853138, 1162.54399961252, 1254.4651896693, 1439.67673009324, 1257.86095609513,
1183.5146232135, 1129.10189231031, 865.151815091697, 665.295972322343, 448.772375750409,
439.326079505297, 311.797836389965, 277.423931113285, 141.919833782831, 367.930786387949,
573.922147495899, 857.535143818927, 1212.50700373025, 1374.66298829234, 1154.82413218706,
1294.91448885231, 856.00313141715, 612.558551218375, 399.464147995823, 215.116255064261,
146.802048994616, 121.972657786599, 398.944994043384, 814.637899085735, 979.020937394759,
1236.37446271176, 1423.99252904999, 1365.64968955621, 1434.35464993864, 1226.0163512638,
722.949881164024, 455.380291823582, 349.719980232729, 252.506355516836, 167.550546475063,
228.911806813238, 240.927514292976, 259.832699909241, 259.853437199614, 288.498648191844,
295.192445328642, 306.176570948493, 254.560165967612, 264.899825893347, 350.498755293585,
298.857114732722, 267.295018055687, 668.04657051822, 700.544293225509, 1335.46992423569,
1436.99125192344, 1632.26846130687, 1592.60433869697, 1738.61524340972, 1149.72487774203,
935.802109309981, 698.342642382575, 442.766714156276, 338.768441776832, 301.646865139759,
262.853737897502, 154.898285321704)
dose <- 
c(0, 80000, 0, 0, 0, 0, 0, 0, 0, 0, 0, 0, 0, 0, 0, 0, 0, 0, 0, 0, 0, 0, 0, 0, 0,
0, 0, 0, 0, 0, 0, 0, 0, 0, 0, 0, 0, 0, 0, 0, 0, 0, 0, 0, 0, 0, 0, 0, 0, 0, 0, 0, 0, 0, 0,
0, 0, 0, 0, 0, 0, 0, 0, 0, 0, 0, 80000, 0, 0, 0, 0, 0, 0, 0, 0, 0, 0, 0, 0, 0, 0, 0, 0, 0,
0, 0, 0, 0, 0, 0, 0, 0, 0, 0, 0, 0, 0, 0, 0, 0, 0, 0, 0, 0, 0, 0, 0, 0, 0, 0, 0, 0, 0, 0,
0, 0, 0, 0, 0, 0, 0, 0, 0, 0, 0, 0, 0, 0, 0, 0)
end <- 
c(65, 130)
endPD <- 
c(15, 30)
endPK <- 
c(53, 106)
evid <- 
c(0, 1, 0, 0, 0, 0, 0, 0, 0, 0, 0, 0, 0, 0, 0, 0, 0, 0, 0, 0, 0, 0, 0, 0, 0, 0,
0, 0, 0, 0, 0, 0, 0, 0, 0, 0, 0, 0, 0, 0, 0, 0, 0, 0, 0, 0, 0, 0, 0, 0, 0, 0, 0, 0, 0, 0,
0, 0, 0, 0, 0, 0, 0, 0, 0, 0, 1, 0, 0, 0, 0, 0, 0, 0, 0, 0, 0, 0, 0, 0, 0, 0, 0, 0, 0, 0,
0, 0, 0, 0, 0, 0, 0, 0, 0, 0, 0, 0, 0, 0, 0, 0, 0, 0, 0, 0, 0, 0, 0, 0, 0, 0, 0, 0, 0, 0,
0, 0, 0, 0, 0, 0, 0, 0, 0, 0, 0, 0, 0, 0)
gammaPrior <- 0.17
gammaPriorCV <- 0.2
ii <- 
c(0, 12, 0, 0, 0, 0, 0, 0, 0, 0, 0, 0, 0, 0, 0, 0, 0, 0, 0, 0, 0, 0, 0, 0, 0, 0, 0,
0, 0, 0, 0, 0, 0, 0, 0, 0, 0, 0, 0, 0, 0, 0, 0, 0, 0, 0, 0, 0, 0, 0, 0, 0, 0, 0, 0, 0, 0,
0, 0, 0, 0, 0, 0, 0, 0, 0, 12, 0, 0, 0, 0, 0, 0, 0, 0, 0, 0, 0, 0, 0, 0, 0, 0, 0, 0, 0, 0,
0, 0, 0, 0, 0, 0, 0, 0, 0, 0, 0, 0, 0, 0, 0, 0, 0, 0, 0, 0, 0, 0, 0, 0, 0, 0, 0, 0, 0, 0,
0, 0, 0, 0, 0, 0, 0, 0, 0, 0, 0, 0, 0)
iObsPD <- 
c(1, 30, 34, 38, 55, 56, 57, 58, 59, 60, 61, 62, 63, 64, 65, 66, 95, 99, 103,
120, 121, 122, 123, 124, 125, 126, 127, 128, 129, 130)
iObsPK <- 
c(3, 4, 5, 6, 7, 8, 9, 10, 11, 12, 13, 14, 15, 16, 17, 18, 19, 20, 21, 22, 23,
24, 25, 26, 27, 28, 29, 30, 31, 32, 33, 34, 35, 36, 37, 38, 39, 40, 41, 42, 43, 44, 45,
46, 47, 48, 49, 50, 51, 52, 53, 54, 55, 68, 69, 70, 71, 72, 73, 74, 75, 76, 77, 78, 79,
80, 81, 82, 83, 84, 85, 86, 87, 88, 89, 90, 91, 92, 93, 94, 95, 96, 97, 98, 99, 100, 101,
102, 103, 104, 105, 106, 107, 108, 109, 110, 111, 112, 113, 114, 115, 116, 117, 118, 119,
120)
mttPrior <- 125
mttPriorCV <- 0.2
N <- 130
neutObs <- 
c(5.622587223146, 5.69247699983045, 4.2733649607807, 3.32547150623388,
3.01275976300218, 2.08663073674119, 1.3742950865201, 1.79979875430231, 2.1435835624199,
3.25630668747851, 4.40353623332642, 5.43350185639074, 5.2952548937637, 5.6251112350662,
6.17738029357833, 5.02667347540153, 4.79862823353003, 3.79941282617629, 4.13703723956288,
3.11247629846274, 2.4534050557143, 2.30616213263381, 1.59246337133982, 1.52982911125711,
2.06178164741197, 2.38217734276832, 2.56195273867762, 3.04187392739941, 3.80262940425246,
3.56671652626608)
nIIV <- 4
nObsPD <- 30
nObsPK <- 106
nSubjects <- 2
nt <- 64
rate <- 
c(0, 0, 0, 0, 0, 0, 0, 0, 0, 0, 0, 0, 0, 0, 0, 0, 0, 0, 0, 0, 0, 0, 0, 0, 0, 0,
0, 0, 0, 0, 0, 0, 0, 0, 0, 0, 0, 0, 0, 0, 0, 0, 0, 0, 0, 0, 0, 0, 0, 0, 0, 0, 0, 0, 0, 0,
0, 0, 0, 0, 0, 0, 0, 0, 0, 0, 0, 0, 0, 0, 0, 0, 0, 0, 0, 0, 0, 0, 0, 0, 0, 0, 0, 0, 0, 0,
0, 0, 0, 0, 0, 0, 0, 0, 0, 0, 0, 0, 0, 0, 0, 0, 0, 0, 0, 0, 0, 0, 0, 0, 0, 0, 0, 0, 0, 0,
0, 0, 0, 0, 0, 0, 0, 0, 0, 0, 0, 0, 0, 0)
ss <- 
c(0, 0, 0, 0, 0, 0, 0, 0, 0, 0, 0, 0, 0, 0, 0, 0, 0, 0, 0, 0, 0, 0, 0, 0, 0, 0, 0,
0, 0, 0, 0, 0, 0, 0, 0, 0, 0, 0, 0, 0, 0, 0, 0, 0, 0, 0, 0, 0, 0, 0, 0, 0, 0, 0, 0, 0, 0,
0, 0, 0, 0, 0, 0, 0, 0, 0, 0, 0, 0, 0, 0, 0, 0, 0, 0, 0, 0, 0, 0, 0, 0, 0, 0, 0, 0, 0, 0,
0, 0, 0, 0, 0, 0, 0, 0, 0, 0, 0, 0, 0, 0, 0, 0, 0, 0, 0, 0, 0, 0, 0, 0, 0, 0, 0, 0, 0, 0,
0, 0, 0, 0, 0, 0, 0, 0, 0, 0, 0, 0, 0)
start <- 
c(1, 66)
startPD <- 
c(1, 16)
startPK <- 
c(1, 54)
time <- 
c(0, 0, 0.083, 0.167, 0.25, 0.5, 0.75, 1, 1.5, 2, 3, 4, 6, 8, 12, 12.083, 12.167,
12.25, 12.5, 12.75, 13, 13.5, 14, 15, 16, 18, 20, 24, 36, 48, 60, 72, 84, 96, 108, 120,
132, 144, 156, 168, 168.083, 168.167, 168.25, 168.5, 168.75, 169, 169.5, 170, 171, 172,
174, 176, 180, 186, 192, 240, 288, 336, 384, 432, 480, 528, 576, 624, 672, 0, 0, 0.083,
0.167, 0.25, 0.5, 0.75, 1, 1.5, 2, 3, 4, 6, 8, 12, 12.083, 12.167, 12.25, 12.5, 12.75, 13,
13.5, 14, 15, 16, 18, 20, 24, 36, 48, 60, 72, 84, 96, 108, 120, 132, 144, 156, 168,
168.083, 168.167, 168.25, 168.5, 168.75, 169, 169.5, 170, 171, 172, 174, 176, 180, 186,
192, 240, 288, 336, 384, 432, 480, 528, 576, 624, 672)
timePD <- 
c(0, 48, 96, 144, 192, 240, 288, 336, 384, 432, 480, 528, 576, 624, 672, 0, 48,
96, 144, 192, 240, 288, 336, 384, 432, 480, 528, 576, 624, 672)
