addl <- 
c(0, 14, 0, 0, 0, 0, 0, 0, 0, 0, 0, 0, 0, 0, 0, 0, 0, 0, 0, 0, 0, 0, 0, 0, 0, 0,
0, 0, 0, 0, 0, 0, 0, 0, 0, 0, 0, 0, 0, 0, 0, 0, 0, 0, 0, 0, 0, 0, 0, 0, 0, 0, 0, 0, 0, 0,
0, 0, 0, 0, 0, 0, 0, 0, 0, 0, 14, 0, 0, 0, 0, 0, 0, 0, 0, 0, 0, 0, 0, 0, 0, 0, 0, 0, 0, 0,
0, 0, 0, 0, 0, 0, 0, 0, 0, 0, 0, 0, 0, 0, 0, 0, 0, 0, 0, 0, 0, 0, 0, 0, 0, 0, 0, 0, 0, 0,
0, 0, 0, 0, 0, 0, 0, 0, 0, 0, 0, 0, 0, 0, 0, 14, 0, 0, 0, 0, 0, 0, 0, 0, 0, 0, 0, 0, 0, 0,
0, 0, 0, 0, 0, 0, 0, 0, 0, 0, 0, 0, 0, 0, 0, 0, 0, 0, 0, 0, 0, 0, 0, 0, 0, 0, 0, 0, 0, 0,
0, 0, 0, 0, 0, 0, 0, 0, 0, 0, 0, 0, 0, 0, 0, 0, 0, 0, 0, 0, 14, 0, 0, 0, 0, 0, 0, 0, 0, 0,
0, 0, 0, 0, 0, 0, 0, 0, 0, 0, 0, 0, 0, 0, 0, 0, 0, 0, 0, 0, 0, 0, 0, 0, 0, 0, 0, 0, 0, 0,
0, 0, 0, 0, 0, 0, 0, 0, 0, 0, 0, 0, 0, 0, 0, 0, 0, 0, 0, 0, 0, 0, 0, 0, 0, 14, 0, 0, 0, 0,
0, 0, 0, 0, 0, 0, 0, 0, 0, 0, 0, 0, 0, 0, 0, 0, 0, 0, 0, 0, 0, 0, 0, 0, 0, 0, 0, 0, 0, 0,
0, 0, 0, 0, 0, 0, 0, 0, 0, 0, 0, 0, 0, 0, 0, 0, 0, 0, 0, 0, 0, 0, 0, 0, 0, 0, 0, 0, 0)
alphaPrior <- 2e-04
alphaPriorCV <- 0.2
amt <- 
c(0, 80000, 0, 0, 0, 0, 0, 0, 0, 0, 0, 0, 0, 0, 0, 0, 0, 0, 0, 0, 0, 0, 0, 0, 0,
0, 0, 0, 0, 0, 0, 0, 0, 0, 0, 0, 0, 0, 0, 0, 0, 0, 0, 0, 0, 0, 0, 0, 0, 0, 0, 0, 0, 0, 0,
0, 0, 0, 0, 0, 0, 0, 0, 0, 0, 0, 80000, 0, 0, 0, 0, 0, 0, 0, 0, 0, 0, 0, 0, 0, 0, 0, 0, 0,
0, 0, 0, 0, 0, 0, 0, 0, 0, 0, 0, 0, 0, 0, 0, 0, 0, 0, 0, 0, 0, 0, 0, 0, 0, 0, 0, 0, 0, 0,
0, 0, 0, 0, 0, 0, 0, 0, 0, 0, 0, 0, 0, 0, 0, 0, 0, 80000, 0, 0, 0, 0, 0, 0, 0, 0, 0, 0, 0,
0, 0, 0, 0, 0, 0, 0, 0, 0, 0, 0, 0, 0, 0, 0, 0, 0, 0, 0, 0, 0, 0, 0, 0, 0, 0, 0, 0, 0, 0,
0, 0, 0, 0, 0, 0, 0, 0, 0, 0, 0, 0, 0, 0, 0, 0, 0, 0, 0, 0, 0, 0, 0, 80000, 0, 0, 0, 0, 0,
0, 0, 0, 0, 0, 0, 0, 0, 0, 0, 0, 0, 0, 0, 0, 0, 0, 0, 0, 0, 0, 0, 0, 0, 0, 0, 0, 0, 0, 0,
0, 0, 0, 0, 0, 0, 0, 0, 0, 0, 0, 0, 0, 0, 0, 0, 0, 0, 0, 0, 0, 0, 0, 0, 0, 0, 0, 0, 0,
80000, 0, 0, 0, 0, 0, 0, 0, 0, 0, 0, 0, 0, 0, 0, 0, 0, 0, 0, 0, 0, 0, 0, 0, 0, 0, 0, 0, 0,
0, 0, 0, 0, 0, 0, 0, 0, 0, 0, 0, 0, 0, 0, 0, 0, 0, 0, 0, 0, 0, 0, 0, 0, 0, 0, 0, 0, 0, 0,
0, 0, 0, 0, 0)
circ0Prior <- 5
circ0PriorCV <- 0.2
cmt <- 
c(2, 1, 2, 2, 2, 2, 2, 2, 2, 2, 2, 2, 2, 2, 2, 2, 2, 2, 2, 2, 2, 2, 2, 2, 2, 2, 2,
2, 2, 2, 2, 2, 2, 2, 2, 2, 2, 2, 2, 2, 2, 2, 2, 2, 2, 2, 2, 2, 2, 2, 2, 2, 2, 2, 2, 2, 2,
2, 2, 2, 2, 2, 2, 2, 2, 2, 1, 2, 2, 2, 2, 2, 2, 2, 2, 2, 2, 2, 2, 2, 2, 2, 2, 2, 2, 2, 2,
2, 2, 2, 2, 2, 2, 2, 2, 2, 2, 2, 2, 2, 2, 2, 2, 2, 2, 2, 2, 2, 2, 2, 2, 2, 2, 2, 2, 2, 2,
2, 2, 2, 2, 2, 2, 2, 2, 2, 2, 2, 2, 2, 2, 1, 2, 2, 2, 2, 2, 2, 2, 2, 2, 2, 2, 2, 2, 2, 2,
2, 2, 2, 2, 2, 2, 2, 2, 2, 2, 2, 2, 2, 2, 2, 2, 2, 2, 2, 2, 2, 2, 2, 2, 2, 2, 2, 2, 2, 2,
2, 2, 2, 2, 2, 2, 2, 2, 2, 2, 2, 2, 2, 2, 2, 2, 2, 2, 2, 1, 2, 2, 2, 2, 2, 2, 2, 2, 2, 2,
2, 2, 2, 2, 2, 2, 2, 2, 2, 2, 2, 2, 2, 2, 2, 2, 2, 2, 2, 2, 2, 2, 2, 2, 2, 2, 2, 2, 2, 2,
2, 2, 2, 2, 2, 2, 2, 2, 2, 2, 2, 2, 2, 2, 2, 2, 2, 2, 2, 2, 2, 2, 2, 2, 1, 2, 2, 2, 2, 2,
2, 2, 2, 2, 2, 2, 2, 2, 2, 2, 2, 2, 2, 2, 2, 2, 2, 2, 2, 2, 2, 2, 2, 2, 2, 2, 2, 2, 2, 2,
2, 2, 2, 2, 2, 2, 2, 2, 2, 2, 2, 2, 2, 2, 2, 2, 2, 2, 2, 2, 2, 2, 2, 2, 2, 2, 2, 2)
cObs <- 
c(281.649075770381, 421.024133428931, 703.743215043083, 987.325822318101,
1068.6429980059, 991.575355180835, 1133.54231835856, 699.144434979608, 462.009617564528,
406.550369955187, 197.94567858165, 157.163029654266, 131.441220213112, 404.127219144162,
671.32350913661, 831.00209688838, 1162.00871935718, 1324.74404959942, 1277.29913192474,
1098.86602872704, 1040.10299793405, 636.992334597414, 557.523055476216, 339.220774026652,
280.797555446116, 200.369072205845, 230.856432257762, 243.60005948289, 297.546486765976,
337.034915115074, 273.477565581986, 343.267690809811, 298.808197993639, 301.440731387241,
330.591704169802, 288.63735532862, 286.744807983241, 310.110589183966, 578.726358569755,
869.5540414366, 992.349471728304, 1302.10847798872, 1371.51281793548, 1597.55052237026,
1250.04112966986, 1508.52801861432, 851.934798797667, 772.230514855782, 484.029312774054,
451.833028023147, 347.055355047376, 281.227833389215, 188.449191407755, 686.041163985801,
1601.57426482067, 1574.35307168382, 2976.346309102, 2846.9196583724, 2128.8939968731,
1669.79877949059, 1375.07595925302, 856.804517473932, 448.903548195499, 271.271555559586,
284.57721891485, 225.310044791081, 989.696389369473, 1656.78869836676, 2172.74728126628,
2800.18982893662, 3167.45878451659, 2423.56539955166, 2564.55493383256, 1352.43710648504,
812.11037239009, 495.903603783477, 466.246870807721, 488.314473152303, 317.263918112284,
316.276259478821, 422.909990453003, 457.440726274411, 461.595131437167, 449.557678737029,
511.301797460273, 418.289966951224, 508.791675107202, 422.402326256367, 431.216205734352,
492.438445031168, 401.736909422029, 1283.47279057673, 1623.3873714529, 2271.49737072291,
3187.19273949448, 3865.28736770468, 3230.70827974799, 2025.36296908036, 1760.36057836513,
1059.75261214724, 855.335259513054, 704.321559571258, 547.438428674787, 444.340173060394,
337.135620623099, 216.388860503218, 276.736262919979, 528.751854082821, 586.797061224989,
928.504296436747, 1069.87703967182, 1249.95999654791, 1010.69389624375, 764.182037278685,
635.972130549935, 488.024843094324, 256.297840823347, 233.387437414893, 264.540966939501,
512.675762873364, 659.046381573545, 872.253295943609, 1032.79469824787, 1475.08570672441,
1546.08111933622, 1280.3103896655, 1017.07824020827, 914.299990702996, 670.152991198537,
528.901281907876, 415.008017648559, 454.861248351868, 557.309922011533, 569.588176137192,
618.300278014983, 598.413352295154, 745.109543187012, 693.779539501583, 589.003740452472,
775.07091134419, 582.967640757409, 867.449622719707, 685.297696915098, 601.500911601264,
931.768143865562, 1293.13986771698, 1444.88368675207, 1801.06793355484, 2102.08769340674,
1687.37430354436, 1675.60086501561, 1820.03172823441, 1292.74496865112, 1031.88695814341,
782.250454365433, 808.214734473745, 648.66675397406, 535.94110262153, 418.894658956657,
260.244957717152, 504.577081866984, 599.522664397395, 1015.65176873985, 1205.7552893431,
1279.65810444631, 956.810907143779, 873.091669136973, 630.922127871202, 563.278171275749,
391.775065425335, 282.727518613538, 239.134661778348, 498.937445273918, 706.548630744085,
779.060053583472, 1177.85084136412, 1480.83349555092, 1273.96912305215, 1314.94461264271,
1099.28129896392, 1184.80312426723, 623.693455178062, 543.664161382876, 487.096218409136,
314.505839587051, 528.435302610205, 480.709525840568, 548.043770140716, 496.697797943046,
519.081175014829, 561.251222582168, 545.276475489753, 530.781103551998, 458.305449587672,
521.648543480522, 513.058864475073, 551.263169209114, 801.839154215902, 902.408451956912,
1035.63219761878, 1217.15389607823, 1351.21421362782, 1919.36694319122, 1577.59670704832,
1515.7272289729, 1210.35462058145, 867.119571790279, 864.086814925443, 553.169907395566,
498.841164463244, 362.313697997997, 294.344465296042, 306.474601775032, 659.037360969356,
829.112789049461, 1188.36435144539, 1337.00029171851, 1479.77742997546, 1474.01068977554,
865.242895960454, 658.851187581197, 442.729949942085, 252.628855071227, 252.22114841771,
176.522860558551, 543.31480527662, 841.817287751866, 1096.23362256737, 1324.59845552506,
1513.41674847875, 1512.91324868458, 1330.03947757906, 1212.93104126907, 741.07511632241,
554.40820695468, 451.229121704939, 308.127741974197, 258.535857722096, 317.778247616649,
358.434719962628, 396.825991033004, 438.289138830551, 375.874377506528, 390.884289488861,
455.296754526651, 464.48386982168, 396.906896385134, 370.744903608956, 338.239903164858,
406.222209292466, 687.906911726963, 765.053737587304, 1192.53509827631, 1442.16235194426,
1956.75347637546, 1960.44567746811, 1828.34389672087, 1334.19984297644, 1001.01334970162,
681.539416775484, 600.230570840746, 530.686944897995, 357.883560434139, 305.762623269971,
221.385770517036)
