alpha_pop <- 0.0101418216692458
circ0_pop <- 3.38570855822157
CL_pop <- 23.7137581297759
etaStd <- 
structure(c(0, 0, 0, 0, 0, 0, 0, 0),
.Dim = c(4, 2))
gamma_pop <- 0.198251293850827
ka_pop <- 5.40408010983666
L <- 
structure(c(1, 0, 0, 0, 0, 1, 0, 0, 0, 0, 1, 0, 0, 0, 0, 1),
.Dim = c(4, 4))
mtt_pop <- 98.1075415581857
omega <- 
c(0.0516685706720114, 0.0443914128678141, 0.0514490824009778,
0.0651622200414541)
Q_pop <- 26.429664351578
sigma <- 0.2
sigmaNeut <- 0.2
VC_pop <- 58.7592478001658
VP_pop <- 214.882611429478
