CL_pop <- 3.06707233073982
EC50_pop <- 118.538996280357
etaStd <- 
structure(c(0, 0, 0, 0, 0, 0, 0, 0, 0, 0, 0, 0, 0, 0, 0, 0, 0, 0, 0, 0, 0, 0,
0, 0, 0),
.Dim = c(5, 5))
ka_pop <- 3.88964664912442
ke0_pop <- 2.4550425861975
L <- 
structure(c(1, 0, 0, 0, 0, 0, 1, 0, 0, 0, 0, 0, 1, 0, 0, 0, 0, 0, 1, 0, 0, 0,
0, 0, 1),
.Dim = c(5, 5))
omega <- 
c(0.0456982504982211, 0.0433776805996349, 0.037997937323128,
0.050156429161739, 0.0377114163362323)
Q_pop <- 7.80957267536425
sigma_c <- 0.2
sigma_eff <- 0.2
VC_pop <- 159.570911717149
VP_pop <- 291.948370456916
