alpha_pop <- 0.0100596809258445
circ0_pop <- 7.84323371007766
CL_pop <- 34.4240662510138
etaStd <- 
structure(c(0, 0, 0, 0, 0, 0, 0, 0, 0, 0, 0, 0, 0, 0, 0, 0, 0, 0, 0, 0),
.Dim = c(4, 5))
gamma_pop <- 0.136244198514078
ka_pop <- 2.49276700682721
L <- 
structure(c(1, 0, 0, 0, 0, 1, 0, 0, 0, 0, 1, 0, 0, 0, 0, 1),
.Dim = c(4, 4))
mtt_pop <- 116.220295096591
omega <- 
c(0.117877689280224, 0.0260491863267975, 0.0367708780493588, 0.0678675546617182)
Q_pop <- 17.9804170346268
sigma <- 0.2
sigmaNeut <- 0.2
VC_pop <- 51.940446930067
VP_pop <- 447.374539154601
