DV <- 
c(0.0133194065909733, 0.150899350087179, 0.163996841422746,
0.370431051562072, 0.382215938110003, 0.268920762572123, 0.498961968766178,
0.430740953361803, 0.0247613931859378, 0.131080158654204, 0.291483875503632,
0.260349706262336, 0.0534344032463835, 0.20978733413708, 0.176204648085809,
0.0468510303588522, 0.103610245950613, 0.222362207258169, 0.071915479465185,
0.310556029508543, 0.628943308410069, 0.100006402659585, 0.705324137744814,
0.442754138544963, 0.310060186023378, 0.439155369583449, 0.470202655090621,
0.0484870151896559, 0.407853727011949, 0.502401665982877,
0.0753665461998167, 0.22428436809161, 0.673984734569201, 0.44937737221531,
0.75086689383398, 0.249436148689917, 0.41380447620204, 0.624229639092233,
0.0773340246705142, 0.273033631585813, 0.388213715276671,
0.0837747797471606, 0.283736726729066, 0.618718370482154, 0.495596629214356,
0.67005321110819, 0.576365796598772, 0.497352610076897, 0.0781066100826186,
0.283126894732721, 0.396283318723943, 0.081541108842022, 0.168194978278887,
0.509047868206957, 0.0301066120288839, 0.0952089249049125, 0.17892008262003,
0.0292886473265868, 0.0657136922262948, 0.109123208241542,
0.361428789811036, 0.282571855911219, 0.150125946394178, 0.483247075385011,
0.705954564230864, 0.188867381862601, 0.898951500791462, 0.668571537944145,
0.164023317446778, 0.513748775845266, 0.886515617264742, 0.178149604548689,
0.963379742194281, 1.45979154920551, 0.48417059936365, 0.126276960030731,
0.884366020431165, 0.72560148930228, 3.96554034993194e-05,
0.0278715515753094, 0.00590620045896359, 9.98724672557411e-05,
0.0495196155294248, 0.0245165515464844, 0.000173856442318792,
0.150173880707814, 0.0324589243874577, 0.000428088397260607,
0.0452997842174648, 0.0660504306390534, 0.0897493251355632,
0.0190568347580174, 0.264915059627693, 0.128747018638617,
0.0971665104844153, 0.000505311308001315, 0.118100906760219,
0.139450544137968, 0.186999087807506, 0.000287752502425776,
0.101480890415867, 0.300371431287494, 0.135917730947318, 0.0261808137283535,
0.0287184526798295, 0.638383995651611, 0.22987911037855,
0.000183230095019006, 0.121954982649761, 0.28154018621243, 0.18039880561666,
0.000520488571568187, 0.149151049653362, 0.135557517001511,
0.269088337535764, 0.000122379985878854, 0.0361600829077472,
0.0360924853281486, 0.125622771152081, 0.00710064867853306,
0.0395741148746244, 0.0670931161917839, 0.00778207226854087,
0.0659862654425636, 0.0717112379063117, 0.0116955561184613,
0.0633371712599415, 0.0760196923021639, 0.0340964386096197,
0.193385383152123, 0.248886121438229, 2.00541278428497e-05,
0.0129156301201919, 0.0148136563976105, 6.9979144477455e-05,
0.0403596596078731, 0.00674071412318297, 4.09525398061208e-05,
0.0231775067083176, 0.0279022287887705, 7.7455786891814e-05,
0.0301635733883646, 0.00758344098159225, 0.0143590450450524,
0.0834845018914728, 0.0735724318624901, 0.056521984868836,
0.0332582963432715, 8.42142238252461e-05, 0.0616547922625537,
0.0146485627362864, 7.66702063205863e-05, 0.00674036512739521,
0.0105823840567007, 0.00592858402535832, 0.225221622119424,
0.000114421320536892, 0.0104949754947885, 0.000257558208266025,
0.00658529551841527, 0.000184172398872856, 0.0327100358617667,
0.00865880553359118, 0.00429749580412311, 0.000648058710624154,
0.11055376731835, 0.000377600941396168, 0.0836848713663472,
0.159730360477889, 0.597804398053923, 0.975859252800178, 0.845734836281028,
1.25182420853258, 1.42924752981012, 0.856642113659007, 1.18220486160867,
2.21210647982782, 1.38310993860306, 0.000797466969042577,
0.0343162146180815, 0.0308503067248234, 0.00205147134660557,
0.0372553682975222, 0.0677129804502267, 0.00442430481378857,
0.352969636409008, 0.280638934521469, 0.00550839588610195,
0.241282060599702, 0.194519497872613, 0.00433056057025747,
0.107474461276853, 0.304409091453628, 0.258748889425572,
0.00300878458979097, 0.00601756918025633, 0.00902635377106569,
0.0120351383622244, 0.0052784324848325, 0.292598513869566,
0.185020202724744, 0.353074127504173, 0.163211297761484, 0.145741676872755,
0.872715726161673, 0.344377564484778, 0.0626898452072218, 0.378496129728263,
0.538432130503435, 0.310831509875523, 0.626676173187433, 0.707961971442234,
0.000222896495131851, 0.129812646680936, 0.0787738324489961,
0.000301472390173742, 0.0536162631873417, 0.0435132159852636,
0.0134285630041262, 0.122448506262093, 0.00025816782128654,
0.12425696593789, 0.0782740753340324, 0.000165655762529105,
0.0652966243332323, 0.0470870777293674, 0.00329484325872815,
0.0611865412231973, 0.0516803905810715, 0.00564197066625986,
0.107896479350535, 0.111030501739066, 0.00873885348845661,
0.135275512901272, 0.290973352173528, 0.0541895144332632, 0.142044744409983,
0.210434273512696, 0.223923139973879, 0.10648804493453, 0.0837617574420474,
0.301850121610756, 0.313897650345274, 0.183504996535967, 0.162185485251484,
0.203476961713053, 0.301550059819679, 0.0976366733215918,
0.0823009287449727, 0.25271574813979, 0.0094287414060286, 0.116855136062532,
0.155244965539916, 0.246981855573784, 0.00739529770107357,
0.115557633386372, 0.23204081956886, 0.0576676747264104, 0.103814687713952,
0.129231076108141, 0.156361646408314, 0.0993849883304709,
0.00753181651554484, 0.192383996588249, 0.163949874544982,
0.00976784965556546, 0.150340687813514, 0.139392006212667,
0.0236463159312759, 0.223045713155113, 0.0627696415806492,
0.0651266266543481, 0.0527499535342478, 0.0381435739129614,
7.97508288147936e-06, 0.0336553391297336, 0.013702816915997,
0.000487627347268176, 0.0226346871958552, 0.00997772593500832,
1.83226234317878e-05, 0.0781885484007194, 0.0310771410347806,
1.43754599217583e-05, 0.0548022283211916, 0.00734664929725478,
1.47714458392681e-05, 0.0860409265915543, 0.0162695388697094,
1.55817362987669e-05, 0.0249600569676439, 0.0109394268234507,
0.000514078638469495, 0.00114552885096546, 0.117910709250644,
0.137386675676084, 1.43517199049019e-05, 0.0398267101534346,
0.00976916565071103, 2.28972173017751e-05, 0.0450596019097953,
0.0193040224835408, 1.2122280458704e-05, 0.0228777273562999,
0.00945770847452973, 0.00103058028674001, 0.00298187101176684,
0.101412291449061, 0.0602068010762245, 0.0340663310063694,
2.35529351262598e-05, 0.053305571188626, 0.0142461905301962,
1.29045498644319e-05, 0.0335872412541458, 0.00475872115235534,
0.00262643368059019, 1.95170204613739e-05, 0.0533244430740939,
0.0177424767185477, 1.30288378027677e-05, 0.0044826606673161,
2.03877602781101e-05, 0.00423353889345255, 1.79909860800821e-05,
0.00391269254587217, 0.0436465280656356, 0.110545706907864,
0.0928317839387322, 0.093795128903299, 0.297093513715539, 0.557775304047607,
0.0853148581717837, 0.210034854720194, 0.571596054152872, 0.351448577125018,
0.0667455766522732, 0.300268594671173, 0.261093834628619, 0.478411840420406,
0.511482638402459, 0.577010779406839, 0.533701533208986, 0.758283284728008,
1.4076699882686, 0.0678229380112935, 0.165973001845526, 0.212029642182602,
0.451929053071893, 0.0561857779534893, 0.188289974356765, 0.502982104100471,
0.637960768404248, 0.053985743488437, 0.264764454732381, 0.84361710750058,
0.586371659889781, 0.02934903175908, 0.23070908823449, 0.325378697788857,
0.478868592899247, 0.0964626683743428, 0.437443571413181,
0.0883291166168695, 0.150805013186845, 0.418363746499947, 0.260510232613045,
0.321639631463749, 0.0217117668761876, 0.223879179997821, 0.273938339371359,
0.125929994270748, 0.0675553727114283, 0.322026426948931, 0.324070992035731,
0.154273792610393, 0.733818435548797, 0.813159522857305, 0.389628158903544,
0.561001901657637, 1.21536321339095, 0.652998412323879, 0.279860316828931,
0.777309207342317, 0.637472537191997, 0.176157335068781, 0.669456962437465,
1.18114610892388, 1.71983010869222, 0.730418769776565, 1.64940368270193,
1.04311276206665, 0.0087139454279231, 0.0383657025002248,
0.0742316338033983, 0.0237908308146366, 0.18630510751484, 0.205516363583335,
0.0139596405459395, 0.184346218902971, 0.239860150924098,
0.0229490713996093, 0.222107824584508, 0.155342666392264, 0.119634760564588,
