addl <- 
c(0, 14, 0, 0, 0, 0, 0, 0, 0, 0, 0, 0, 0, 0, 0, 0, 0, 0, 0, 0, 0, 0, 0, 0, 0, 0,
0, 0, 0, 0, 0, 0, 0, 0, 0, 0, 0, 0, 0, 0, 0, 0, 0, 0, 0, 0, 0, 0, 0, 0, 0, 0, 0, 0, 0, 0,
0, 0, 0, 0, 0, 0, 0, 0, 0, 0, 14, 0, 0, 0, 0, 0, 0, 0, 0, 0, 0, 0, 0, 0, 0, 0, 0, 0, 0, 0,
0, 0, 0, 0, 0, 0, 0, 0, 0, 0, 0, 0, 0, 0, 0, 0, 0, 0, 0, 0, 0, 0, 0, 0, 0, 0, 0, 0, 0, 0,
0, 0, 0, 0, 0, 0, 0, 0, 0, 0, 0, 0, 0, 0)
alphaPrior <- 0.01
alphaPriorCV <- 0.01
amt <- 
c(0, 80000, 0, 0, 0, 0, 0, 0, 0, 0, 0, 0, 0, 0, 0, 0, 0, 0, 0, 0, 0, 0, 0, 0, 0,
0, 0, 0, 0, 0, 0, 0, 0, 0, 0, 0, 0, 0, 0, 0, 0, 0, 0, 0, 0, 0, 0, 0, 0, 0, 0, 0, 0, 0, 0,
0, 0, 0, 0, 0, 0, 0, 0, 0, 0, 0, 80000, 0, 0, 0, 0, 0, 0, 0, 0, 0, 0, 0, 0, 0, 0, 0, 0, 0,
0, 0, 0, 0, 0, 0, 0, 0, 0, 0, 0, 0, 0, 0, 0, 0, 0, 0, 0, 0, 0, 0, 0, 0, 0, 0, 0, 0, 0, 0,
0, 0, 0, 0, 0, 0, 0, 0, 0, 0, 0, 0, 0, 0, 0, 0)
circ0Prior <- 5
circ0PriorCV <- 0.2
cmt <- 
c(2, 1, 2, 2, 2, 2, 2, 2, 2, 2, 2, 2, 2, 2, 2, 2, 2, 2, 2, 2, 2, 2, 2, 2, 2, 2, 2,
2, 2, 2, 2, 2, 2, 2, 2, 2, 2, 2, 2, 2, 2, 2, 2, 2, 2, 2, 2, 2, 2, 2, 2, 2, 2, 2, 2, 2, 2,
2, 2, 2, 2, 2, 2, 2, 2, 2, 1, 2, 2, 2, 2, 2, 2, 2, 2, 2, 2, 2, 2, 2, 2, 2, 2, 2, 2, 2, 2,
2, 2, 2, 2, 2, 2, 2, 2, 2, 2, 2, 2, 2, 2, 2, 2, 2, 2, 2, 2, 2, 2, 2, 2, 2, 2, 2, 2, 2, 2,
2, 2, 2, 2, 2, 2, 2, 2, 2, 2, 2, 2, 2)
cObs <- 
c(335.239947263625, 555.920759675934, 847.251300872774, 1144.98192237106,
1236.65468222851, 1206.44307191625, 977.982543642306, 754.751690234657, 600.659530077268,
333.833813355628, 195.159721389108, 171.330797277911, 166.864129916549, 602.276239563187,
745.894911698476, 906.186795338894, 1401.12247457566, 1684.16283318607, 1387.82412644815,
1129.61261170762, 1112.09751367605, 828.612144544917, 569.399483001084, 411.776013764168,
285.311383563125, 255.210069805877, 305.543605240015, 314.699988220871, 446.234580081286,
431.756742680505, 394.777836820324, 438.327737662761, 463.638159950909, 408.652631660075,
471.199366070571, 497.122900103703, 414.613593338252, 523.1987932876, 777.908546637159,
1073.29716800575, 1157.10758832071, 1772.46609275648, 1896.61511006231, 1586.60106879875,
1598.99769490931, 1425.21414104114, 994.435586873851, 804.108393850964, 558.975862472419,
485.756485563257, 512.325516608982, 360.541664589948, 223.578835266531, 243.369254004989,
370.144055663352, 548.740925338459, 826.10111268254, 947.957729366725, 1100.61801517538,
885.681821427708, 852.402724303131, 583.214699550026, 505.955064562972, 296.293392279921,
231.253642732782, 166.64899776848, 388.30872090235, 559.640967906794, 735.893116223153,
1125.57378234956, 1072.81164988501, 1074.02016226776, 1016.84837469903, 875.748236680489,
853.701469322503, 484.39889398492, 495.329205674622, 329.949917426458, 266.058331617506,
321.629590312556, 370.113573857653, 362.925093141327, 375.620186748193, 395.526750059792,
381.061435331396, 420.560853723287, 445.122828759284, 365.903363557201, 392.546289822459,
462.279356311243, 438.852682886174, 787.05024103545, 916.274676390143, 1140.64499247635,
1176.76982720224, 1405.82167372956, 1217.43501118198, 1508.33775071578, 1114.63038711569,
1028.16892295438, 775.417450903189, 698.464092681298, 629.941759027812, 424.133715753654,
313.82890318072, 275.130372347011)
dose <- 
c(0, 80000, 0, 0, 0, 0, 0, 0, 0, 0, 0, 0, 0, 0, 0, 0, 0, 0, 0, 0, 0, 0, 0, 0, 0,
0, 0, 0, 0, 0, 0, 0, 0, 0, 0, 0, 0, 0, 0, 0, 0, 0, 0, 0, 0, 0, 0, 0, 0, 0, 0, 0, 0, 0, 0,
0, 0, 0, 0, 0, 0, 0, 0, 0, 0, 0, 80000, 0, 0, 0, 0, 0, 0, 0, 0, 0, 0, 0, 0, 0, 0, 0, 0, 0,
0, 0, 0, 0, 0, 0, 0, 0, 0, 0, 0, 0, 0, 0, 0, 0, 0, 0, 0, 0, 0, 0, 0, 0, 0, 0, 0, 0, 0, 0,
0, 0, 0, 0, 0, 0, 0, 0, 0, 0, 0, 0, 0, 0, 0, 0)
end <- 
c(65, 130)
endPD <- 
c(15, 30)
endPK <- 
c(53, 106)
evid <- 
c(0, 1, 0, 0, 0, 0, 0, 0, 0, 0, 0, 0, 0, 0, 0, 0, 0, 0, 0, 0, 0, 0, 0, 0, 0, 0,
0, 0, 0, 0, 0, 0, 0, 0, 0, 0, 0, 0, 0, 0, 0, 0, 0, 0, 0, 0, 0, 0, 0, 0, 0, 0, 0, 0, 0, 0,
0, 0, 0, 0, 0, 0, 0, 0, 0, 0, 1, 0, 0, 0, 0, 0, 0, 0, 0, 0, 0, 0, 0, 0, 0, 0, 0, 0, 0, 0,
0, 0, 0, 0, 0, 0, 0, 0, 0, 0, 0, 0, 0, 0, 0, 0, 0, 0, 0, 0, 0, 0, 0, 0, 0, 0, 0, 0, 0, 0,
0, 0, 0, 0, 0, 0, 0, 0, 0, 0, 0, 0, 0, 0)
gammaPrior <- 0.17
gammaPriorCV <- 0.2
ii <- 
c(0, 12, 0, 0, 0, 0, 0, 0, 0, 0, 0, 0, 0, 0, 0, 0, 0, 0, 0, 0, 0, 0, 0, 0, 0, 0, 0,
0, 0, 0, 0, 0, 0, 0, 0, 0, 0, 0, 0, 0, 0, 0, 0, 0, 0, 0, 0, 0, 0, 0, 0, 0, 0, 0, 0, 0, 0,
0, 0, 0, 0, 0, 0, 0, 0, 0, 12, 0, 0, 0, 0, 0, 0, 0, 0, 0, 0, 0, 0, 0, 0, 0, 0, 0, 0, 0, 0,
0, 0, 0, 0, 0, 0, 0, 0, 0, 0, 0, 0, 0, 0, 0, 0, 0, 0, 0, 0, 0, 0, 0, 0, 0, 0, 0, 0, 0, 0,
0, 0, 0, 0, 0, 0, 0, 0, 0, 0, 0, 0, 0)
iObsPD <- 
c(1, 30, 34, 38, 55, 56, 57, 58, 59, 60, 61, 62, 63, 64, 65, 66, 95, 99, 103,
120, 121, 122, 123, 124, 125, 126, 127, 128, 129, 130)
iObsPK <- 
c(3, 4, 5, 6, 7, 8, 9, 10, 11, 12, 13, 14, 15, 16, 17, 18, 19, 20, 21, 22, 23,
24, 25, 26, 27, 28, 29, 30, 31, 32, 33, 34, 35, 36, 37, 38, 39, 40, 41, 42, 43, 44, 45,
46, 47, 48, 49, 50, 51, 52, 53, 54, 55, 68, 69, 70, 71, 72, 73, 74, 75, 76, 77, 78, 79,
80, 81, 82, 83, 84, 85, 86, 87, 88, 89, 90, 91, 92, 93, 94, 95, 96, 97, 98, 99, 100, 101,
102, 103, 104, 105, 106, 107, 108, 109, 110, 111, 112, 113, 114, 115, 116, 117, 118, 119,
120)
mttPrior <- 125
mttPriorCV <- 0.2
N <- 130
neutObs <- 
c(4.45586399508965, 5.08543767077604, 4.62864713787549, 3.89067856343841,
3.61216886125815, 2.34909198495481, 1.80330417994219, 1.73078831014025, 1.68908427607443,
2.01842990043186, 2.16975642556351, 2.93796114304287, 4.13595929429466, 4.54809729541173,
4.51483177451607, 4.27786817408702, 5.06183486063399, 5.1032021654572, 5.00760431112023,
4.88490343993517, 3.99763137262954, 3.06778991711262, 2.36645024566682, 2.42643499303559,
2.36937176091631, 2.41827644508694, 2.86490761627748, 2.74862756706202, 3.54167864021486,
3.83167259891913)
nIIV <- 7
nObsPD <- 30
nObsPK <- 106
nSubjects <- 2
nt <- 64
rate <- 
c(0, 0, 0, 0, 0, 0, 0, 0, 0, 0, 0, 0, 0, 0, 0, 0, 0, 0, 0, 0, 0, 0, 0, 0, 0, 0,
0, 0, 0, 0, 0, 0, 0, 0, 0, 0, 0, 0, 0, 0, 0, 0, 0, 0, 0, 0, 0, 0, 0, 0, 0, 0, 0, 0, 0, 0,
0, 0, 0, 0, 0, 0, 0, 0, 0, 0, 0, 0, 0, 0, 0, 0, 0, 0, 0, 0, 0, 0, 0, 0, 0, 0, 0, 0, 0, 0,
0, 0, 0, 0, 0, 0, 0, 0, 0, 0, 0, 0, 0, 0, 0, 0, 0, 0, 0, 0, 0, 0, 0, 0, 0, 0, 0, 0, 0, 0,
0, 0, 0, 0, 0, 0, 0, 0, 0, 0, 0, 0, 0, 0)
ss <- 
c(0, 0, 0, 0, 0, 0, 0, 0, 0, 0, 0, 0, 0, 0, 0, 0, 0, 0, 0, 0, 0, 0, 0, 0, 0, 0, 0,
0, 0, 0, 0, 0, 0, 0, 0, 0, 0, 0, 0, 0, 0, 0, 0, 0, 0, 0, 0, 0, 0, 0, 0, 0, 0, 0, 0, 0, 0,
0, 0, 0, 0, 0, 0, 0, 0, 0, 0, 0, 0, 0, 0, 0, 0, 0, 0, 0, 0, 0, 0, 0, 0, 0, 0, 0, 0, 0, 0,
0, 0, 0, 0, 0, 0, 0, 0, 0, 0, 0, 0, 0, 0, 0, 0, 0, 0, 0, 0, 0, 0, 0, 0, 0, 0, 0, 0, 0, 0,
0, 0, 0, 0, 0, 0, 0, 0, 0, 0, 0, 0, 0)
start <- 
c(1, 66)
startPD <- 
c(1, 16)
startPK <- 
c(1, 54)
time <- 
c(0, 0, 0.083, 0.167, 0.25, 0.5, 0.75, 1, 1.5, 2, 3, 4, 6, 8, 12, 12.083, 12.167,
12.25, 12.5, 12.75, 13, 13.5, 14, 15, 16, 18, 20, 24, 36, 48, 60, 72, 84, 96, 108, 120,
132, 144, 156, 168, 168.083, 168.167, 168.25, 168.5, 168.75, 169, 169.5, 170, 171, 172,
174, 176, 180, 186, 192, 240, 288, 336, 384, 432, 480, 528, 576, 624, 672, 0, 0, 0.083,
0.167, 0.25, 0.5, 0.75, 1, 1.5, 2, 3, 4, 6, 8, 12, 12.083, 12.167, 12.25, 12.5, 12.75, 13,
13.5, 14, 15, 16, 18, 20, 24, 36, 48, 60, 72, 84, 96, 108, 120, 132, 144, 156, 168,
168.083, 168.167, 168.25, 168.5, 168.75, 169, 169.5, 170, 171, 172, 174, 176, 180, 186,
192, 240, 288, 336, 384, 432, 480, 528, 576, 624, 672)
timePD <- 
c(0, 48, 96, 144, 192, 240, 288, 336, 384, 432, 480, 528, 576, 624, 672, 0, 48,
96, 144, 192, 240, 288, 336, 384, 432, 480, 528, 576, 624, 672)
