alpha_pop <- 0.00992436256592968
circ0_pop <- 3.83818219880879
CL_pop <- 11.0509779498557
etaStd <- 
structure(c(0, 0, 0, 0, 0, 0, 0, 0, 0, 0, 0, 0, 0, 0),
.Dim = c(7, 2))
gamma_pop <- 0.191081846041777
ka_pop <- 12.3721831410044
L <- 
structure(c(1, 0, 0, 0, 0, 0, 0, 0, 1, 0, 0, 0, 0, 0, 0, 0, 1, 0, 0, 0, 0, 0, 0, 0, 1, 0,
0, 0, 0, 0, 0, 0, 1, 0, 0, 0, 0, 0, 0, 0, 1, 0, 0, 0, 0, 0, 0, 0, 1),
.Dim = c(7, 7))
mtt_pop <- 121.277933576588
omega <- 
c(0.00943876753743743, 0.0489619246648373, 0.0683350769731579,
0.0502302601643135, 0.213532976503094, 0.0373902409197106, 0.0460731713960751)
Q_pop <- 26.6205857080137
sigma <- 0.2
sigmaNeut <- 0.2
VC_pop <- 6.57693612099861
VP_pop <- 144.822321217459
