alphaHat <- 0.000188466064631073
circ0Hat <- 5.84935569378377
CLHat <- 12.2681632431891
etaStd <- 
structure(c(0, 0, 0, 0, 0, 0, 0, 0, 0, 0, 0, 0, 0, 0),
.Dim = c(7, 2))
gamma <- 0.149431711676504
kaHat <- 6.91103190500662
L <- 
structure(c(1, 0, 0, 0, 0, 0, 0, 0, 1, 0, 0, 0, 0, 0, 0, 0, 1, 0, 0, 0, 0, 0, 0, 0, 1, 0,
0, 0, 0, 0, 0, 0, 1, 0, 0, 0, 0, 0, 0, 0, 1, 0, 0, 0, 0, 0, 0, 0, 1),
.Dim = c(7, 7))
mttHat <- 133.927565525037
omega <- 
c(0.0512533627951848, 0.0283290360726701, 0.0935245073406636, 0.0720764483892419,
0.0268296538918277, 0.0475218312797269, 0.0478075738495991)
QHat <- 18.3383686971767
sigma <- 0.2
sigmaNeut <- 0.2
V1Hat <- 4.89677498221602
V2Hat <- 281.496219346764
